1      0.66824
2        2.382
3       4.1406
4       5.8678
5       7.2234
6       7.2934
7       5.7244
8       2.1133
9      -3.1286
10      -6.5761
11      -7.9778
12       -7.804
13      -6.4055
14      -4.6706
15      -2.9103
16        1.244
17       4.2798
18       7.8506
19       12.757
20       20.692
21       34.965
22       60.747
23       58.404
24      -61.003
25      -57.963
26      -33.833
27      -20.481
28      -12.927
29       -8.181
30      -4.6827
31       1.2331
32       4.2412
33       7.7676
34       12.581
35       20.267
36       33.733
37       56.632
38       50.913
39      -53.596
40      -54.296
41      -32.711
42      -20.082
43      -12.758
44      -8.0988
45      -4.6432
46      0.64667
47       2.3097
48       4.0058
49       5.6537
50       6.9123
51       6.9225
52       5.3858
53       1.9705
54      -2.9396
55      -6.2075
56       -7.591
57      -7.4837
58      -6.1839
59      -4.5283
60      -2.8305
