1      0.85721
2       4.2523
3       7.7717
4       10.862
5       13.519
6        14.09
7       10.811
8       3.2469
9      -7.2408
10      -14.193
11       -16.78
12       -15.82
13      -12.976
14      -9.8315
15      -6.3037
16       2.0821
17       8.2545
18       14.935
19       24.879
20        41.21
21       72.674
22       126.65
23       121.88
24         -133
25      -114.79
26      -67.857
27      -40.373
28      -25.545
29      -16.216
30      -9.7982
31       2.0401
32       8.0996
33       14.613
34       24.167
35       39.438
36       67.315
37       109.49
38       90.878
39      -102.23
40      -101.14
41       -63.41
42      -38.804
43      -24.879
44      -15.899
45      -9.6364
46      0.78609
47       3.9873
48        7.264
49       10.069
50        12.36
51       12.674
52       9.5441
53       2.7934
54      -6.4343
55       -12.69
56      -15.239
57      -14.583
58      -12.122
59       -9.265
60      -5.9798

