1       441.425
2       390.792
3       222.232
4       -11.7483
5       -245.679
6       -414.252
7       -464.935
8       -414.243
9       -245.656
10      -11.7094
11      222.278
12      390.823
13      931.842
14      782.081
15      438.692
16      -11.7077
17      -462.115
18      -805.575
19      -955.386
20      -805.586
21      -462.1
22      -11.6328
23      438.807
24      782.17
25      1527.06
26      1236.71
27      618.176
28      -11.6866
29      -641.668
30      -1260.4
31      -1550.81
32      -1260.44
33      -641.674
34      -11.5799
35      618.37
36      1236.86
37      2323.46
38      1701.26
39      788.66
40      -11.7077
41      -812.349
42      -1725.37
43      -2348.46
44      -1725.38
45      -812.337
46      -11.5765
47      788.882
48      1701.41
49      3678.67
50      2104.92
51      910.292
52      -11.7483
53      -934.061
54      -2129.61
55      -3724
56      -2129.67
57      -934.046
58      -11.6018
59      910.538
60      2105.14
61      8910.58
62      2323.46
63      931.842
64      -11.6481
65      -955.386
66      -2348.46
67      -10387.2
68      -2349.04
69      -955.499
70      -11.4979
71      932.226
72      2324.22
73      3683.26
74      2105.01
75      910.353
76      -11.7094
77      -934.043
78      -2129.62
79      -3728.11
80      -2129.78
81      -934.068
82      -11.5635
83      910.639
84      2105.34
85      2324.22
86      1701.44
87      788.797
88      -11.6328
89      -812.331
90      -1725.39
91      -2349.04
92      -1725.51
93      -812.377
94      -11.5023
95      789.076
96      1701.7
97      1527.55
98      1237.06
99      618.404
100     -11.5799
101     -641.678
102     -1260.52
103     -1551.08
104     -1260.64
105     -641.733
106     -11.4741
107     618.646
108     1237.28
109     932.226
110     782.425
111     438.94
112     -11.5765
113     -462.099
114     -805.651
115     -955.499
116     -805.695
117     -462.113
118     -11.5023
119     439.083
120     782.546
121     441.686
122     391.047
123     222.44
124     -11.6018
125     -245.595
126     -414.214
127     -464.901
128     -414.214
129     -245.581
130     -11.5635
131     222.494
132     391.088
